    unsorted:	 38200.84949 38815.58084 38687.04872 37773.81968 37597.16791 40168.79582 40132.49761 40835.91355 41138.09111 41545.88687 36497.18426 35713.74841 35437.42307 35013.68478 34805.30713 42218.56763 33331.35971 43246.21467 32052.53615 31565.95123 44377.11043 30251.16030 28500.38758 26564.53973 25997.34264 47923.93810 24499.46802 22735.42774 52486.44334 52951.53685 54352.84564 55792.20601 57854.51883 21155.02325 59839.68596 61293.80399 62383.44387 63339.41453 64788.59265 65640.44455 67159.28588 17925.71072 68624.40295 12899.21141 11700.65342 70959.68801 9656.896195 8265.835080 6511.681161 5881.240469 5365.961844 1304.443094 887.9217026 1539.436414 604.5931600 179.9442869 73123.62765 75411.66208 86636.95412 102043.6166 116522.9637 129156.5349 150415.5157 174330.5537 256117.9603 369114.4722 426326.1387 2218310.309 1810636.371 3700538.297 5876227.658 12604749.92
      sorted:	 179.9442869 604.5931600 887.9217026 1304.443094 1539.436414 5365.961844 5881.240469 6511.681161 8265.835080 9656.896195 11700.65342 12899.21141 17925.71072 21155.02325 22735.42774 24499.46802 25997.34264 26564.53973 28500.38758 30251.16030 31565.95123 32052.53615 33331.35971 34805.30713 35013.68478 35437.42307 35713.74841 36497.18426 37597.16791 37773.81968 38200.84949 38687.04872 38815.58084 40132.49761 40168.79582 40835.91355 41138.09111 41545.88687 42218.56763 43246.21467 44377.11043 47923.93810 52486.44334 52951.53685 54352.84564 55792.20601 57854.51883 59839.68596 61293.80399 62383.44387 63339.41453 64788.59265 65640.44455 67159.28588 68624.40295 70959.68801 73123.62765 75411.66208 86636.95412 102043.6166 116522.9637 129156.5349 150415.5157 174330.5537 256117.9603 369114.4722 426326.1387 1810636.371 2218310.309 3700538.297 5876227.658 12604749.92
