    unsorted:	 37423.36031 37148.97418 36650.27800 36337.75874 39027.38668 38707.09412 39661.36553 39974.03714 40606.97950 40790.69553 41184.04079 35679.23153 35392.39052 35005.96091 41783.99806 42100.45281 42774.94384 32532.21097 32135.67978 30400.10842 29223.67167 46030.18604 26292.52978 25783.95396 24631.37368 48441.32295 22612.57481 52122.57344 53596.22506 55053.27243 18611.58886 17274.56607 57677.32924 59030.33786 61137.16077 62285.23981 63465.05026 64645.14951 65027.85348 12522.74469 10836.30372 8888.731047 7617.692229 6465.737218 5611.523247 5063.978548 67962.53170 1312.766437 1430.101164 904.6017488 187.6156790 368.7933884 69968.40962 72523.64064 78133.00819 92846.97589 116686.9313 134222.4976 143360.4987 157999.3099 278223.6744 326514.2653 461888.0548 2218424.673 2209390.456 3693279.642 7183205.840 17122512.74
      sorted:	 187.6156790 368.7933884 904.6017488 1312.766437 1430.101164 5063.978548 5611.523247 6465.737218 7617.692229 8888.731047 10836.30372 12522.74469 17274.56607 18611.58886 22612.57481 24631.37368 25783.95396 26292.52978 29223.67167 30400.10842 32135.67978 32532.21097 35005.96091 35392.39052 35679.23153 36337.75874 36650.27800 37148.97418 37423.36031 38707.09412 39027.38668 39661.36553 39974.03714 40606.97950 40790.69553 41184.04079 41783.99806 42100.45281 42774.94384 46030.18604 48441.32295 52122.57344 53596.22506 55053.27243 57677.32924 59030.33786 61137.16077 62285.23981 63465.05026 64645.14951 65027.85348 67962.53170 69968.40962 72523.64064 78133.00819 92846.97589 116686.9313 134222.4976 143360.4987 157999.3099 278223.6744 326514.2653 461888.0548 2209390.456 2218424.673 3693279.642 7183205.840 17122512.74
