    unsorted:	 40157.33770 40486.92049 40695.05515 40861.50714 41094.61530 41483.41589 39498.39142 38805.13205 38064.77233 37945.91864 37503.81305 36564.17593 35569.74093 35672.71386 35487.27594 42258.23045 42574.28229 34731.50183 33310.11545 32316.06986 31878.84181 44490.80964 45369.46062 30505.27368 29276.34739 27574.52074 26410.86255 24998.35378 50930.11150 23216.81999 53195.74190 55197.33466 57182.71186 20951.34005 59570.90589 61891.55468 63314.89650 65064.64783 66160.99775 66843.70888 67302.74802 68660.24959 69255.57446 18799.46283 71274.73175 72358.94560 13873.28320 12495.01995 12024.60482 10575.58211 74091.31732 74934.06369 6775.493173 7314.982289 6216.416524 1364.947798 874.7508611 1649.732954 679.6741708 203.8961447 78598.61347 84647.09052 93702.21260 117108.4487 122831.0884 132365.6447 153836.0096 197548.3806 266299.7242 395748.8781 729812.8643 2218304.488 1835542.169 3700932.618 5781192.841 12934346.68
      sorted:	 203.8961447 679.6741708 874.7508611 1364.947798 1649.732954 6216.416524 6775.493173 7314.982289 10575.58211 12024.60482 12495.01995 13873.28320 18799.46283 20951.34005 23216.81999 24998.35378 26410.86255 27574.52074 29276.34739 30505.27368 31878.84181 32316.06986 33310.11545 34731.50183 35487.27594 35569.74093 35672.71386 36564.17593 37503.81305 37945.91864 38064.77233 38805.13205 39498.39142 40157.33770 40486.92049 40695.05515 40861.50714 41094.61530 41483.41589 42258.23045 42574.28229 44490.80964 45369.46062 50930.11150 53195.74190 55197.33466 57182.71186 59570.90589 61891.55468 63314.89650 65064.64783 66160.99775 66843.70888 67302.74802 68660.24959 69255.57446 71274.73175 72358.94560 74091.31732 74934.06369 78598.61347 84647.09052 93702.21260 117108.4487 122831.0884 132365.6447 153836.0096 197548.3806 266299.7242 395748.8781 729812.8643 1835542.169 2218304.488 3700932.618 5781192.841 12934346.68
