    unsorted:	 40330.25017 40080.11279 40496.28658 40752.79414 39408.59072 38803.92054 38419.49571 41491.61595 37792.68554 37080.25937 41923.89193 36379.79257 35924.18951 35423.51872 35298.27127 34818.36684 42563.71042 32638.20282 32050.60015 44836.13170 46499.50433 29983.98431 28660.35698 47908.63124 26107.43620 26071.51617 24440.85204 51583.95292 22678.45563 53605.94639 55028.55983 58937.42214 58064.91866 61089.86489 61984.77864 63146.10372 64708.15464 64921.91922 65754.93189 68225.58725 18829.36609 17298.42158 70204.06903 12581.81991 11098.58501 8810.949901 7821.455428 5786.104071 5613.007127 5448.394512 1298.011394 924.8953227 1616.568892 484.9483758 194.2869566 73205.90376 81296.52239 95864.01615 117184.8282 132444.9461 149896.5027 160445.8200 300088.3031 293723.3594 443315.8312 2218410.362 2125504.150 3696463.438 6714163.783 15425156.01
      sorted:	 194.2869566 484.9483758 924.8953227 1298.011394 1616.568892 5448.394512 5613.007127 5786.104071 7821.455428 8810.949901 11098.58501 12581.81991 17298.42158 18829.36609 22678.45563 24440.85204 26071.51617 26107.43620 28660.35698 29983.98431 32050.60015 32638.20282 34818.36684 35298.27127 35423.51872 35924.18951 36379.79257 37080.25937 37792.68554 38419.49571 38803.92054 39408.59072 40080.11279 40330.25017 40496.28658 40752.79414 41491.61595 41923.89193 42563.71042 44836.13170 46499.50433 47908.63124 51583.95292 53605.94639 55028.55983 58064.91866 58937.42214 61089.86489 61984.77864 63146.10372 64708.15464 64921.91922 65754.93189 68225.58725 70204.06903 73205.90376 81296.52239 95864.01615 117184.8282 132444.9461 149896.5027 160445.8200 293723.3594 300088.3031 443315.8312 2125504.150 2218410.362 3696463.438 6714163.783 15425156.01
