    unsorted:	 39956.85230 40222.68830 40391.61586 40772.55466 40972.70289 41170.60220 39541.64918 38872.41676 42087.72609 41910.98458 37953.16284 37814.71722 37300.13312 36592.40674 35428.66708 35356.10593 35946.96251 34790.16372 34418.79779 43433.53699 32320.59780 31824.43054 31318.52107 46499.57434 28612.96325 28924.42418 27403.57696 47650.89011 25634.76892 24654.26027 23163.32093 51391.03015 21236.40923 54711.93161 56523.53876 57832.80960 18861.18780 60116.60352 61756.30361 62913.09981 66021.38737 65693.85065 64740.37303 67451.65135 68254.61562 69420.76785 71378.04706 14623.03529 13617.91184 12668.93134 11659.17627 72687.43007 74234.79206 6705.849489 7771.464865 6093.401429 901.0640765 1340.762335 704.7629278 1649.655261 192.6829908 77429.60577 78296.57193 86051.06408 94140.73560 116187.9006 123475.9988 132843.8552 150610.1826 202779.1516 261084.6282 382013.2107 975678.3977 2218353.791 1893760.805 3700992.864 5579312.519 12291745.29
      sorted:	 192.6829908 704.7629278 901.0640765 1340.762335 1649.655261 6093.401429 6705.849489 7771.464865 11659.17627 12668.93134 13617.91184 14623.03529 18861.18780 21236.40923 23163.32093 24654.26027 25634.76892 27403.57696 28612.96325 28924.42418 31318.52107 31824.43054 32320.59780 34418.79779 34790.16372 35356.10593 35428.66708 35946.96251 36592.40674 37300.13312 37814.71722 37953.16284 38872.41676 39541.64918 39956.85230 40222.68830 40391.61586 40772.55466 40972.70289 41170.60220 41910.98458 42087.72609 43433.53699 46499.57434 47650.89011 51391.03015 54711.93161 56523.53876 57832.80960 60116.60352 61756.30361 62913.09981 64740.37303 65693.85065 66021.38737 67451.65135 68254.61562 69420.76785 71378.04706 72687.43007 74234.79206 77429.60577 78296.57193 86051.06408 94140.73560 116187.9006 123475.9988 132843.8552 150610.1826 202779.1516 261084.6282 382013.2107 975678.3977 1893760.805 2218353.791 3700992.864 5579312.519 12291745.29
