    unsorted:	 41011.88735 40692.43191 40172.82538 39798.24811 39404.59342 41431.91071 38425.47897 38125.04971 37962.45448 37524.15714 42223.52974 36482.01856 35524.93554 35682.50586 35360.04237 34801.80515 42969.57915 33162.13591 32225.40562 44299.53886 31717.10122 45363.58386 29904.88477 29018.94413 27016.56351 26280.18550 49315.65719 24749.11765 22938.41926 52150.92990 54065.23214 55422.76500 57608.11901 59866.88779 20211.39352 61486.78970 62878.74146 64282.54562 64846.43461 66378.63994 67310.82495 67427.65527 18306.37554 69722.28549 70405.86321 13275.15390 12054.68430 11308.58616 72785.62656 8689.812719 6814.339422 6033.091927 5426.291307 1327.374696 859.8336337 1573.591839 648.1989395 173.3223147 75920.12498 79708.13301 90450.50982 109868.2955 119166.6302 130269.6079 152283.1274 186772.7620 256013.7059 410533.6443 505550.5540 2218316.792 1783946.788 3700799.385 5786196.825 12475866.03
      sorted:	 173.3223147 648.1989395 859.8336337 1327.374696 1573.591839 5426.291307 6033.091927 6814.339422 8689.812719 11308.58616 12054.68430 13275.15390 18306.37554 20211.39352 22938.41926 24749.11765 26280.18550 27016.56351 29018.94413 29904.88477 31717.10122 32225.40562 33162.13591 34801.80515 35360.04237 35524.93554 35682.50586 36482.01856 37524.15714 37962.45448 38125.04971 38425.47897 39404.59342 39798.24811 40172.82538 40692.43191 41011.88735 41431.91071 42223.52974 42969.57915 44299.53886 45363.58386 49315.65719 52150.92990 54065.23214 55422.76500 57608.11901 59866.88779 61486.78970 62878.74146 64282.54562 64846.43461 66378.63994 67310.82495 67427.65527 69722.28549 70405.86321 72785.62656 75920.12498 79708.13301 90450.50982 109868.2955 119166.6302 130269.6079 152283.1274 186772.7620 256013.7059 410533.6443 505550.5540 1783946.788 2218316.792 3700799.385 5786196.825 12475866.03
